22
56
1 2 1 1
1 4 15 1
1 6 2 1
1 8 4 1
1 10 6 1
1 12 11 1
1 14 9 1
1 16 9 1
1 18 9 1
1 20 10 1
1 22 0 1000
3 10 5 1
3 14 7 1
3 16 5 1
3 22 1 1
5 10 10 1
5 14 6 1
5 22 1 1
7 2 5 1
7 4 11 1
7 10 6 1
7 14 6 1
7 16 0 1
7 20 6 1
7 22 1 1
9 2 6 1
9 4 14 1
9 10 4 1
9 12 8 1
9 14 8 1
9 16 8 1
9 20 11 1
9 22 1 1
11 22 1 1
13 10 6 1
13 14 5 1
13 22 1 1
15 10 4 1
15 22 1 1
17 10 6 1
17 14 10 1
17 22 1 1
19 2 0 1
19 4 13 1
19 6 5 1
19 10 5 1
19 12 10 1
19 14 7 1
19 16 5 1
19 20 7 1
19 22 1 1
21 4 4 1
21 10 7 1
21 14 5 1
21 16 6 1
21 22 1 1
10
-1
1
-1
1
-1
1
-1
1
-1
1
-1
1
-1
1
-1
1
-1
1
-1
1
-10


